0.0447146
0.205389
-0.106086
-0.295341
-0.246794
-0.20094
-0.217731
0.0823349
0.256542
0.218865
-0.246758
-0.207501
-0.411102
-0.203126
-0.416595
-0.326762
0.0360305
0.205346
0.919759
-0.397467
-0.232391
-0.140362
-0.0868763
-0.218189
-0.219483
-0.398257
-0.363834
0.410883
-0.123228
-0.131293
0.263488
-0.16572
0.428498
0.165089
-0.419259
0.0709662
-0.0347589
-0.0141755
-0.257504
0.295823
-0.0551729
0.317746
-0.645182
0.142448
-0.248445
0.0422497
0.290689
-0.000523727
-0.266641
0.132896
-0.22693
0.409878
0.0850081
-0.116438
0.244662
0.170188
-0.179793
0.097808
0.0901102
-0.0381886
-0.0655183
-0.0483584
-0.0833676
0.121445
-0.040814
0.106639
-0.0457358
0.0160965
0.100814
-0.0798263
-0.0430694
0.0836942
0.010115
-0.126325
0.170605
-0.058462
-0.109619
0.0554183
0.321032
-0.461642
-0.0734456
1.0585
0.173255
0.128409
-0.0745524
-0.138427
0.403254
-0.23967
-0.413251
0.555744
-1.07866
-0.400985
-0.0245344
-0.69554
0.123178
0.329899
-0.391483
-0.178127
-0.155824
0.122086
-0.14962
-0.436925
-0.0171479
0.0602919
-0.303115
0.151172
-0.114375
0.118361
0.349952
-0.0119801
0.00527505
0.00261991
-0.00818708
0.00157223
0.0104542
-0.00276777
-0.00132144
0.0104827
-0.018567
-0.360587
-0.450474
-0.222905
-0.439152
-0.326798
0.845307
0.822336
0.0123929
