-0.0293051
0.014716
-0.040011
-0.0458834
0.0100836
-0.00291638
-0.00923565
0.0183978
-0.0511994
0.0328632
-0.0314517
0.0163124
-0.0183321
0.0237388
-0.036001
0.0482987
-0.0105416
-0.0104214
0.0506388
-0.0124291
-0.0361492
-0.00734768
0.0405461
-0.0252397
-0.0212186
0.0173191
-0.00259164
0.0977465
0.0285858
-0.0442461
0.012739
0.0777209
0.0145248
0.0598233
-0.0186854
-0.0285701
0.13356
0.00647998
0.00736953
0.0281878
-0.0179326
0.106012
0.0780726
0.0560847
0.013332
0.0636366
-0.00045961
-0.0131726
-0.0225569
0.0406356
0.0774704
0.00659317
-0.0214419
0.00126788
0.0917354
-0.00101497
0.0485255
0.0405626
0.020495
0.00177928
0.0559722
-0.00592809
-0.0138547
0.0252777
0.0460117
0.0118026
0.0190437
-0.00861928
-0.00897317
-0.00202162
-0.0178337
0.00287911
0.0418508
0.0298578
0.0123105
0.0395863
0.013659
-0.0055148
-0.0215353
0.0157502
0.051901
0.075445
0.00553206
0.0594158
-0.0286429
-0.0386196
0.0145314
0.0643039
0.0231555
0.160943
0.33986
0.255457
0.0936439
-0.152034
-0.149957
-0.00538494
-0.314962
-0.477874
-0.518052
-0.513025
0.00292653
-0.00717075
-0.00729414
-0.0273381
0.033358
0.00287141
0.0294121
-0.0345577
-0.0232283
-0.0303685
-0.0633712
-0.0659612
0.00451347
0.0392449
0.0194137
0.0142642
-0.0144634
0.0656022
0.00311752
0.0264229
0.0118835
0.00729929
-0.00829413
0.0175
0.052784
-0.0380475
-0.0280703
-0.00812265
0.0186093
-0.00885459
0.00858019
-0.00200151
-0.00486743
0.00545664
-0.00370673
0.00691581
-0.00972084
-0.0101297
-0.00298128
-0.00715423
0.0083687
-0.00453836
-0.00281695
0.0108102
0.0012736
0.0289961
-0.0551276
-0.0388031
-0.00765296
-0.0559182
-0.0102101
0.0388092
-6.77828e-005
0.0231598
-0.0764352
-0.0233325
-0.0548631
-0.0332992
-0.0172012
0.0135143
-0.0225083
-0.00786015
-0.0400015
